function [nodecoordinates, ktrans, qgen, qcons, transx, transy] = load_data()
	nodecoordinates = [123.968208 -47.343151; 126.639511 -45.755531; 119.748352 -49.20853; 130.371063 -46.800861; 125.30368 -43.884151; 126.578484 -43.853661; 129.063004 -42.6339; 122.83168 -45.613708; 122.281731 -43.610989; 129.484818 -42.90239; 123.404007 -41.787258; 121.241699 -41.532619; 123.550003 -42.466702; 123.025002 -41.1866; 122.988861 -41.115246; 122.259193 -40.674999; 121.314003 -38.930302; 121.366997 -41.165298; 118.954933 -42.272072; 117.71743 -40.24789; 111.369202 -29.585649; 117.200569 -39.144939; 116.38765 -39.90657; 114.881866 -40.819649; 115.493607 -39.346027; 114.492348 -38.043678; 115.692459 -37.728981; 116.285728 -37.442471; 116.964859 -36.666439; 118.045349 -36.802891; 119.387123 -35.98814; 119.394234 -36.856613; 121.38266 -37.52803; 120.35569 -36.110489; 113.136719 -40.450611; 113.283653 -40.09523; 111.661102 -40.83173; 110.017204 -40.573421; 112.580002 -39.386902; 108.865021 -35.165131; 112.549522 -37.881409; 110.489822 -38.819378; 111.35 -35.6; 113 -34.76403; 112.464119 -34.693401; 113.860336 -35.310169; 114.059532 -32.126831; 118.344093 -30.92424; 117.392342 -32.939838; 120.291321 -31.57716; 121.248001 -32.0256; 121.474701 -31.255159; 119.478996 -30.510599; 120.456001 -29.756399; 121.539162 -29.86569; 119.649109 -29.10738; 118.639999 -29.019699; 118.751572 -26.58432; 117.598877 -26.23312; 118.089539 -24.459641; 112.310982 -31.434055; 111.014999 -30.811701; 110.467003 -30.3167; 114.305801 -30.612329; 111.280251 -30.699989; 111.679718 -29.030899; 112.972679 -28.19615; 110.483452 -29.12545; 111.983299 -27.75; 114.866997 -29.799999; 115.895309 -28.68507; 117.114548 -28.96287; 113.969666 -27.652023; 113.255234 -23.113371; 110.693001 -22.030899; 110.385521 -21.197491; 113.736961 -23.044399; 111.526741 -24.41024; 110 -23; 108.32959 -22.81175; 111.526741 -24.4; 101.485062 -24.975473; 106.694733 -26.57242; 100.840134 -24.437912; 102.698769 -25.064529; 106.519348 -29.550949; 108.950996 -34.8988; 108.931831 -34.263248; 109.017662 -32.682541; 107.147072 -34.377701; 106.265213 -38.466621; 106.251961 -36.011051; 106.008743 -37.89362; 103.599594 -36.11343; 98.215836 -39.801388; 104.075798 -30.6719; 101.76387 -36.628571; 100.616959 -36.276031; 91.130707 -29.66176; 87.586273 -43.787868];
	ktrans = [0.1 0.1 0.1 0.1 0.1 0.1 0.1 0.1 0.1 0.1 0.1 0.1 0.1 0.1 0.1 0.1 0.1 0.1 0.1 0.1 0.1 0.1 0.1 0.1 0.1 0.1 0.1 0.1 0.1 0.1 0.1 0.1 0.1 0.1 0.1 0.1 0.1 0.1 0.1 0.1 0.1 0.1 0.1 0.1 0.1 0.1 0.1 0.1 0.1 0.1 0.1 0.1 0.1 0.1 0.1 0.1 0.1 0.1 0.1 0.1 0.1 0.1 0.1 0.1 0.1 0.1 0.1 0.1 0.1 0.1 0.1 0.1 0.1 0.1 0.1 0.1 0.1 0.1 0.1 0.1 0.1 0.1 0.1 0.1 0.1 0.1 0.1 0.1 0.1 0.1 0.1 0.1 0.1 0.1 0.1 0.1 0.1 0.1 0.1 0.1 0.1 0.1 0.1 0.1 0.1 0.1 0.1 0.1 0.1 0.1 0.1 0.1 0.1 0.1 0.1 0.1 0.1; 2 1 2 6 5 5 5 6 7 6 7 11 11 11 11 14 15 15 16 18 18 16 20 23 24 23 22 35 22 23 25 23 35 37 38 26 39 39 36 26 26 28 29 29 31 30 32 32 40 41 41 41 42 43 87 44 44 44 44 61 89 90 90 92 93 91 94 95 100 97 98 98 90 96 85 84 82 81 83 96 81 79 79 74 74 74 77 78 74 69 69 66 66 66 63 62 61 64 70 71 71 65 52 50 51 49 50 48 53 53 54 54 56 57 58 59 58; 1 3 4 2 2 8 9 5 5 10 6 7 12 14 15 13 14 18 15 16 19 17 18 20 23 22 21 24 27 26 26 36 36 35 37 40 40 36 40 27 28 29 31 30 30 32 34 33 41 42 44 43 87 88 88 46 45 47 61 89 88 88 94 88 92 93 93 94 95 94 97 99 96 85 84 82 81 83 86 86 79 80 74 83 76 77 78 75 69 68 67 68 67 62 62 61 64 70 71 73 72 52 50 51 49 48 48 53 52 54 55 56 57 58 59 60 60];
	qgen = [35 35 50.36 35 19.53 86.5 44.64 58.6 63.3 69.76 84.63 52.7 21 10 55 65 30 30 70 20 35 6.3 30 35 62.54 26.08 35 68 78 78 30 35.17 30 32.66 70 82.42 70 57.84 40.43 53.26 6.3 31 37.77 12.69 3.2 34.9 63.45 28 28 90 75.51 337.29 306.81 32.55 16.68 0.5 87.52 14 14 14 88.83 88.83 25.38 85 44.54 85 21.1 9.38 96.12 85 250 140 102.63 14 22 17 17 17 15 150 24 54.07 17 70 32.79 28.94 11 31 78 68 50 18 18 14 10 25.18 50 20 46.13 0.1; 0 0 0 0 0 0 0 0 0 0 0 0 0 0 0 0 0 0 0 0 0 0 0 0 0 0 0 0 0 0 0 0 0 0 0 0 0 0 0 0 0 0 0 0 0 0 0 0 0 0 0 0 0 0 0 0 0 0 0 0 0 0 0 0 0 0 0 0 0 0 0 0 0 0 0 0 0 0 0 0 0 0 0 0 0 0 0 0 0 0 0 0 0 0 0 0 0 0 0 0; 1 2 3 4 5 6 7 8 9 10 11 12 13 14 15 16 17 18 19 20 21 22 23 24 25 26 27 28 29 30 31 32 33 34 35 36 37 38 39 40 41 42 43 44 45 46 47 48 49 50 51 52 53 54 55 56 57 58 59 60 61 62 63 64 65 66 67 68 69 70 71 72 73 74 75 76 77 78 79 80 81 82 83 84 85 86 87 88 89 90 91 92 93 94 95 96 97 98 99 100];
	qcons = [18.5 55.5 7.86 18.5 27 90 63 51 42.56 69 92.3 35.5 14.2 15 15 15 43 43 95.3 30 18.5 9.83 30 18.5 68.37 80.69 18.5 42 42 42 24.4 60 20 16.64 71.5 64.35 71.5 33.3 29.95 80.66 3.83 30 67.8 21.81 7.27 72.7 54.53 27 27 50 63.61 88.34 180.68 28.5 5.83 1.8 76.84 22 17 17 54.53 61.8 90.88 30 20.49 30 7.88 7.88 78.81 30 100 60 126.91 17 31 27 27 27 26 260 26 52.9 26 52.8 35.256 26 20 20 252 42 35 47 35 17 30 8.84 35 43 15.31 1.39; 0 0 0 0 0 0 0 0 0 0 0 0 0 0 0 0 0 0 0 0 0 0 0 0 0 0 0 0 0 0 0 0 0 0 0 0 0 0 0 0 0 0 0 0 0 0 0 0 0 0 0 0 0 0 0 0 0 0 0 0 0 0 0 0 0 0 0 0 0 0 0 0 0 0 0 0 0 0 0 0 0 0 0 0 0 0 0 0 0 0 0 0 0 0 0 0 0 0 0 0; 1 2 3 4 5 6 7 8 9 10 11 12 13 14 15 16 17 18 19 20 21 22 23 24 25 26 27 28 29 30 31 32 33 34 35 36 37 38 39 40 41 42 43 44 45 46 47 48 49 50 51 52 53 54 55 56 57 58 59 60 61 62 63 64 65 66 67 68 69 70 71 72 73 74 75 76 77 78 79 80 81 82 83 84 85 86 87 88 89 90 91 92 93 94 95 96 97 98 99 100];
	transx = [72.33 140.63];
	transy = [-57.167 -16.62];
end